   3.3664100e-02   3.8848300e+01   1.5417300e+02
   6.3091000e-01   1.9126100e+01   1.5800400e+02
   1.2030200e+00  -3.5673000e+00   1.5541900e+02
   5.4383700e-01  -2.2269900e+01   1.4538000e+02
  -2.5425300e+01  -3.2651300e+01   1.3096400e+02
  -4.8896400e+01  -1.7668800e+01   1.2770300e+02
  -5.4883500e+01  -2.7796500e+01   1.1200000e+02
  -4.9631000e+01  -4.5285000e+01   9.8414500e+01
  -5.2727600e+01  -5.3034900e+01   7.9884700e+01
  -5.2840400e+01  -5.9170700e+01   6.2933700e+01
  -5.3014500e+01  -6.3391900e+01   4.5407900e+01
  -5.3251200e+01  -6.7806500e+01   2.3764100e+01
  -2.8758000e+01  -8.4007000e+01   2.6338600e+01
  -2.8521300e+01  -7.9592300e+01   4.7982400e+01
  -2.8331200e+01  -7.4795800e+01   6.7423500e+01
  -2.7218900e+01  -6.8632800e+01   8.4358100e+01
  -2.5183100e+01  -5.8995400e+01   1.0233000e+02
  -2.9313600e+01  -4.5309100e+01   1.1704800e+02
   1.7450700e+00  -3.7664400e+01   1.3224400e+02
   8.7802500e-01  -5.1486000e+01   1.1760800e+02
   1.8873300e+00  -6.1424200e+01   1.0179000e+02
   1.9278000e+00  -7.2346700e+01   8.6275400e+01
   1.7763500e+00  -7.7813000e+01   6.8079300e+01
   2.6164200e+00  -8.3539800e+01   4.8909100e+01
   2.4330700e+00  -9.0156800e+01   2.6882200e+01
   3.1273200e+01  -8.4297300e+01   2.5926100e+01
   3.2570700e+01  -8.1770300e+01   4.8128200e+01
   3.2730100e+01  -7.6016400e+01   6.7282000e+01
   3.0851900e+01  -6.9647000e+01   8.5223600e+01
   2.7882300e+01  -6.0432600e+01   1.0232000e+02
   3.1755800e+01  -4.6242100e+01   1.1786400e+02
   2.8663500e+01  -3.3198300e+01   1.3381100e+02
   2.1229800e+01   3.2427700e+01   1.5488100e+02
   2.9883100e+01   8.8993000e+00   1.5561200e+02
   5.3306900e+01  -2.0170400e+01   1.3282400e+02
   6.1304700e+01  -3.0206700e+01   1.1593300e+02
   5.4547400e+01  -4.8595600e+01   1.0063000e+02
   5.8447300e+01  -5.6155900e+01   8.1985300e+01
   5.9356600e+01  -6.3509700e+01   6.4347400e+01
   5.9143900e+01  -6.7061200e+01   4.5576700e+01
   5.9898700e+01  -7.1736500e+01   2.2958700e+01
   7.8421900e+01  -4.2680600e+01   4.1224600e+01
   7.7604500e+01  -3.8198800e+01   5.9724500e+01
   7.6748500e+01  -3.3047300e+01   7.6979300e+01
   7.3901500e+01  -2.7662300e+01   9.5224800e+01
   8.8786600e+01  -1.1450400e+01   5.3684400e+01
   8.8991400e+01  -8.1865200e+00   7.1497500e+01
   8.7143900e+01  -2.7744400e+00   8.9726400e+01
   7.9514000e+01  -4.2261600e+00   1.1006500e+02
   6.9570500e+01   3.5536600e+00   1.2660600e+02
   5.3798100e+01   4.8516300e+00   1.4305500e+02
   4.1948800e+01   3.7683700e+01   1.4582000e+02
   6.0851600e+01   3.5033400e+01   1.3497300e+02
   7.4702300e+01   3.2342000e+01   1.2104800e+02
   8.5514700e+01   2.8130900e+01   1.0238400e+02
   9.0330000e+01   2.3757400e+01   8.3817900e+01
   9.2146900e+01   1.9302700e+01   6.5301600e+01
   9.1942100e+01   1.6038800e+01   4.7488600e+01
   8.8101100e+01   4.3338500e+01   4.1407900e+01
   8.8275200e+01   4.7559700e+01   5.8933600e+01
   8.7480600e+01   5.0796400e+01   7.6763100e+01
   7.9560000e+01   5.9493500e+01   9.6144200e+01
   6.6847400e+01   5.8958000e+01   1.1311800e+02
   5.0928400e+01   6.3222200e+01   1.2554400e+02
   1.2490000e+01   5.4899600e+01   1.4715900e+02
   2.9057700e+01   6.4834000e+01   1.3672700e+02
   5.4080100e+01   8.4387100e+01   1.0871800e+02
   6.2672100e+01   8.8643600e+01   9.0660400e+01
   7.8666000e+01   7.8823800e+01   7.3637800e+01
   8.2351200e+01   7.7964900e+01   5.2981500e+01
   8.3183300e+01   7.1950400e+01   3.2853600e+01
   6.5218700e+01   1.0241300e+02   2.4896300e+01
   6.3540400e+01   1.0361300e+02   4.6477300e+01
   5.8932900e+01   1.0310600e+02   6.9640100e+01
   3.1264600e+01   8.5877500e+01   1.2307800e+02
   3.0549000e+01   1.0339200e+02   1.0842500e+02
   3.4959100e+01   1.1328500e+02   8.8709700e+01
   3.2287400e+01   1.2403900e+02   6.5661800e+01
   3.5934000e+01   1.2385000e+02   4.3760500e+01
   3.5658700e+01   1.2010500e+02   2.0871700e+01
   4.6167000e-01   1.2585900e+02   1.9436100e+01
   7.0633200e-01   1.3056100e+02   4.2037700e+01
   1.5017000e-01   1.2795900e+02   6.4751600e+01
  -2.6863800e-01   1.1999600e+02   8.6986800e+01
   3.4945600e-01   1.0928200e+02   1.0690700e+02
  -1.0485500e-02   9.5187000e+01   1.2263000e+02
   6.9713500e-01   7.7384500e+01   1.3632600e+02
  -2.9751400e+01   8.4608000e+01   1.2187900e+02
  -2.8414600e+01   9.9974700e+01   1.0681000e+02
  -3.4007500e+01   1.0930900e+02   8.6301500e+01
  -3.1635100e+01   1.1981600e+02   6.5374000e+01
  -3.4016100e+01   1.2042200e+02   4.3284100e+01
  -3.4314100e+01   1.1792200e+02   2.1065600e+01
  -5.9634500e+01   9.5869000e+01   2.6857100e+01
  -5.8383600e+01   9.8778000e+01   4.6856400e+01
  -5.5041700e+01   9.8869100e+01   6.7684800e+01
  -1.1536600e+01   5.4919500e+01   1.4630900e+02
  -2.6952800e+01   6.3987600e+01   1.3640400e+02
  -4.9938200e+01   8.1090500e+01   1.0535300e+02
  -5.8337600e+01   8.4886800e+01   8.7575300e+01
  -7.1329300e+01   7.4281900e+01   7.1029800e+01
  -7.3602400e+01   7.2590900e+01   5.1717300e+01
  -7.3776500e+01   6.8369700e+01   3.4191600e+01
  -7.9922500e+01   4.1087100e+01   4.1394400e+01
  -7.9795000e+01   4.5690200e+01   5.6717500e+01
  -7.7560500e+01   4.8050800e+01   7.4785000e+01
  -7.1504000e+01   5.6551500e+01   9.2020300e+01
  -6.2235700e+01   5.6323900e+01   1.0767400e+02
  -4.8115200e+01   6.1306000e+01   1.2276700e+02
  -3.8142900e+01   3.6951500e+01   1.4148600e+02
  -1.9873500e+01   3.3039000e+01   1.5086300e+02
  -2.8219600e+01   8.7626700e+00   1.5091600e+02
  -4.8390500e+01   5.8204800e+00   1.3630500e+02
  -5.5276600e+01   3.3420900e+01   1.2807100e+02
  -6.7451500e+01   3.0695300e+01   1.1332800e+02
  -7.5613600e+01   2.6545200e+01   9.6891900e+01
  -7.8816900e+01   2.3200100e+01   7.9128200e+01
  -8.0982100e+01   1.9212500e+01   6.2593000e+01
  -8.2139800e+01   1.5539600e+01   4.6999100e+01
  -8.1327900e+01  -1.0883900e+01   5.2841800e+01
  -7.9193400e+01  -5.9389400e+00   6.9089600e+01
  -7.7058900e+01  -9.9396800e-01   8.5337400e+01
  -6.9735000e+01  -1.3699700e+00   1.0418500e+02
  -6.2625700e+01   4.9553900e+00   1.2102100e+02
  -6.6297400e+01  -2.4656700e+01   9.2356300e+01
  -6.8439900e+01  -2.9889400e+01   7.5150800e+01
  -7.0582400e+01  -3.5122100e+01   5.7945300e+01
  -6.9718400e+01  -3.9985800e+01   4.1648200e+01
